admin|123456|超级管理员|1|0|0|1
nurse|123456|护士|2|0|0|1
D-001|123456|李建国-内科|3|0|0|1
D-002|123456|王大明-外科|3|0|0|1
D-003|123456|张小红-妇产科|3|0|0|1
D-004|123456|刘小华-儿科|3|0|0|1
D-005|123456|陈伟强-骨科|3|0|0|1
D-006|123456|赵丽华-心血管内科|3|0|0|1
D-007|123456|孙卫东-呼吸内科|3|0|0|1
D-008|123456|周秀芳-消化内科|3|0|0|1
D-009|123456|吴明德-神经内科|3|0|0|1
D-010|123456|郑美玲-内分泌科|3|0|0|1
D-014|123456|罗伟民-急诊科|3|0|0|1
D-015|123456|梁丽萍-眼科|3|0|0|1
D-016|123456|谢国华-耳鼻喉科|3|0|0|1
D-017|123456|马文婷-口腔科|3|0|0|1
D-018|123456|唐俊杰-皮肤科|3|0|0|1
D-027|123456|冯彩霞-全科|3|0|0|1
pharm|123456|药剂师|5|0|0|1
